 11676335 
 11695605 
 11557637 
 11598491 
 11627149 
 11639205 
 11645049 
 11602683 
 11571287 
 11607904 
 11657988 
 11704784 
 11680110 
 11593932 
 11593083 
 11714822 
 11596470 
 11601571 
 11663010 
 11672769 
 11618226 
 11610809 
 11563207 
 11731893 
 11891679 
 13790671 
 12083372 
 11891524 
 11581875 
 11671381 
 12449394 
 11979623 
 11740740 
 11576649 
 12924633 
 12072118 
 14096383 
 12722607 
 13536146 
 15147474 
 13697437 
 11883141 
 12064909 
 12152375 
 11889897 
 11816368 
 13224348 
 12700401 
 13297743 
 13133008 
 13457349 
 12597148 
 13452512 
 12683364 
 13235161 
 12941153 
 13752479 
 14603404 
 13770252 
 15961347 
