   899923 
   902372 
   894319 
   897581 
   916310 
   893878 
   887217 
   910433 
   899985 
   895755 
   890565 
   909732 
   901451 
   886078 
   966936 
   941826 
   895229 
   895338 
   915758 
   904266 
   899901 
   902302 
   894515 
   892070 
   895792 
   896433 
   899103 
   883797 
   891197 
   882649 
   876067 
   952044 
   910578 
   912454 
   900368 
   888792 
   877999 
   900861 
   905676 
   917046 
   939038 
   897671 
   880140 
   913169 
   905789 
  1058683 
   959505 
  1040989 
   944520 
   916836 
   908506 
   894153 
   904027 
  1030322 
  1005142 
  1027506 
  1006187 
   991162 
   887346 
  1008585 
