  9253556 
  9334452 
  9226743 
  9325757 
  9312977 
  9311503 
  9510231 
  9249604 
  9211182 
  9281576 
  9433732 
  9264008 
  9312601 
  9454493 
  9450030 
  9434972 
  9247363 
  9414711 
  9370151 
  9453858 
  9522151 
  9314871 
  9486008 
  9668567 
  9573683 
  9532456 
  9601908 
  9906268 
  9555033 
  9429397 
 11828400 
 11927814 
 11977694 
 12377927 
 11850232 
 11576859 
 10304587 
 10499354 
 10915148 
 11097139 
 10702202 
 10793255 
 10607606 
 10997532 
 12899885 
 12097912 
 12483813 
 12565438 
 12237941 
 10874002 
 10868977 
 10138327 
 10315699 
 10378535 
 10470720 
 10730155 
 11744174 
 11139003 
 11049249 
 11842034 
