 28942533 
 28593621 
 28677453 
 28783961 
 28734591 
 28816471 
 28759901 
 28703109 
 28734536 
 28601906 
 28769228 
 28553970 
 32115859 
 32662407 
 31801701 
 31235548 
 31460055 
 30150111 
 30682982 
 29296498 
 29242402 
 29245716 
 29314111 
 29156185 
 29337524 
 29297034 
 29171661 
 29268600 
 29827989 
 29222782 
 36913885 
 30371169 
 32728550 
 35340528 
 35617617 
 35519527 
 31927740 
 35919741 
 34227504 
 30887627 
 29719413 
 34115314 
 34105308 
 35466313 
 35015706 
 35961615 
 34144494 
 33629981 
 31820870 
 31465567 
 29679742 
 30302711 
 32758593 
 31488702 
 33905182 
 31360337 
 29252701 
 29327097 
 29396944 
 29393979 
