  2219862 
  2116584 
  2165206 
  2171408 
  2158597 
  2177241 
  2119986 
  2211342 
  2301726 
  2141510 
  2069254 
  2095806 
  2173586 
  2120024 
  2133883 
  2211637 
  2260390 
  2108886 
  2132702 
  2151631 
  2142218 
  2139360 
  2385598 
  2118608 
  2160831 
  2079191 
  2107107 
  2092610 
  2072314 
  2150036 
  2136255 
  2148785 
  2101010 
  2167389 
  2073474 
  2197753 
  2185777 
  2251525 
  2208666 
  2082867 
  2078619 
  2136773 
  2111808 
  2060958 
  2125769 
  2159769 
  2133069 
  2121129 
  2215680 
  2127722 
  2145115 
  2103323 
  2158483 
  2162069 
  2146584 
  2170561 
  2180122 
  2139660 
  2075127 
  2171211 
