  6419444 
  6639305 
  6651617 
  6650489 
  6559103 
  6666126 
  6328418 
  6658221 
  6210790 
  6585593 
  6327530 
  6326660 
  8938725 
  3703048 
  3199763 
  3212571 
  3720775 
  3438175 
  3312071 
  3653585 
  3877446 
  4100338 
  4798439 
  4265138 
  4517902 
  3676478 
  4053041 
  3768060 
  3675522 
  3938877 
  4093511 
  3817281 
  3804091 
  4177789 
  4230688 
  3722052 
  3690678 
  3610999 
  3518760 
  3640265 
  3550011 
  4158732 
  3499529 
  3513433 
  3496134 
  3343151 
  3264955 
  3262849 
  3449102 
  3481357 
  3501314 
  3428279 
  3660805 
  3523718 
  3466121 
  3525082 
  3545374 
  3582853 
  4083354 
  3890523 
  3243590 
  3216993 
  3346907 
  3743652 
  3856582 
  3848730 
  4330531 
  4616997 
  3610504 
  3965917 
  4441422 
  4204615 
