 10119739 
 10271737 
 10080802 
 10224361 
 11130386 
 10990696 
 11439664 
 10529315 
 10264394 
 10236045 
 10191679 
 10436329 
 10266923 
 10245082 
 10318814 
 10187397 
 10277484 
 10432508 
 10248218 
 10139044 
 10226327 
 10143763 
 10230420 
 10222338 
 10205680 
 10280134 
 10221840 
 10136316 
 10129579 
 10100682 
 10128788 
 10655244 
 10210164 
 10174209 
 10330179 
 10922276 
 10401362 
 10260665 
 10336199 
 10061840 
 10088155 
 10276186 
 10540854 
 10248509 
 10680424 
 10005293 
 10129292 
 10104491 
  9998533 
 10199777 
 10019418 
 10001843 
 10037581 
  9975676 
 10170611 
 10017002 
 10042372 
 10008828 
 10011210 
  9995466 
