 17686201 
 17727544 
 17599403 
 17686889 
 17715243 
 17713724 
 17651423 
 17783749 
 17727194 
 17719209 
 19900303 
 21164407 
 17541349 
 17315064 
 17421625 
 17360109 
 17423647 
 17353024 
 17367294 
 17384349 
 17548907 
 17307442 
 17552819 
 17263261 
 17240628 
 17213135 
 17208575 
 17268649 
 17337413 
 17267940 
 17534883 
 18184166 
 17639521 
 17543481 
 17529252 
 17572345 
 17579548 
 17575695 
 17681930 
 18626228 
 18328348 
 17656302 
 18820872 
 18168365 
 18789024 
 21741766 
 17593014 
 18554394 
 18080153 
 17782564 
 20096371 
 22539475 
 18149909 
 17424248 
 17426662 
 17775060 
 17881707 
 17848784 
 19550758 
 18399703 
