   972290 
   966982 
   970941 
   989764 
   970330 
   960613 
   982270 
   975924 
   971954 
   953761 
   964523 
   987134 
   973567 
   962028 
   974590 
   970540 
   970796 
   978944 
   975632 
   974349 
   966648 
   952119 
   959351 
  1073672 
   964686 
  1045024 
  1021299 
   977749 
   955779 
   962908 
  1194169 
  1082924 
  1258238 
  1129406 
  1210425 
  1069479 
  1160745 
  1190035 
  1102084 
  1129174 
  1140182 
  1135652 
  1097230 
  1170933 
  1203378 
  1167454 
  1154441 
  1101833 
  1139808 
  1071560 
  1227782 
  1351692 
  1296854 
  1227852 
  1142972 
  1239435 
  1263780 
  1246389 
  1073143 
  1070159 
