  1478469 
  1295904 
  1272093 
  1286773 
  1259907 
  1858142 
  1518880 
  1825013 
  2144135 
  1959006 
  1792709 
  1572010 
  1497339 
  1789927 
  1538015 
  1608446 
  1307084 
  1332128 
  1494701 
  1577326 
  1738913 
  1468054 
  1805229 
  1518672 
  1486618 
  1310061 
  1454060 
  1295812 
  1348807 
  1533650 
  1305363 
  1274009 
  1273618 
  1271191 
  1276229 
  1278248 
  1268878 
  1269000 
  1267500 
  1493270 
  1821637 
  1766839 
  1454685 
  1380182 
  1492930 
  1389777 
  1333554 
  1342903 
  1368737 
  1548693 
  1477203 
  1492073 
  1633106 
  1413606 
  1378891 
  1325924 
  1409620 
  1843770 
  1565645 
  1713760 
